my_init
%% parameters from foam report
diameter_initial = [30,30,30,30,30,50,50,50,50,50];
diameter_imposed = [19,19,19,19,19,19,19,19,19,19];
length_initial   = [170,150,130,110,90,160,140,120,100,90];
length_imposed   = [80,80,80,80,80,75,75,75,75,75];
radial_imposed   = [1.58,1.58,1.58,1.58,1.58,2.63,2.63,2.63,2.63,2.63];
axial_imposed    = [2.13,1.88,1.63,1.38,1.13,2.13,1.87,1.60,1.33,1.20];
volume_imposed   = [5.30,4.67,4.05,3.43,2.80,14.8,12.9,11.1,9.2,8.3];
diameter_relaxed = [20,20,20,20,20,20,20,20,20];
length_relaxed   = [74,72,69,61,56,67,66,64,62,57];
weight_relaxed   = [2.87,2.56,2.26,1.83,1.64,5.8,5.28,4.48,4.2,3.45];
density_relaxed  = [0.123,0.113,0.104,0.095,0.093,0.276,0.255,0.230,0.209,0.193];